area,period,PM2.5,PM10,SO2,CO,O3,NO2
CS,level1,36.26563197656771,45.34040741003619,7.212077654434302,0.7265786370730014,52.08742437938952,13.103337201046001
CS,level2,32.578517512680214,50.22049936850288,8.657592373718774,0.7033607048321971,57.247750079643176,22.45937747551057
CS,level3,33.24409274282926,54.11085824324915,9.894052366915215,0.6710308873571247,70.13832492972203,26.26720998786197
CS,prelock,44.080901890978495,57.597584059775905,8.728116195472662,0.9470247155178662,35.09278836609095,27.97272396654137
MG,level1,49.308178308178334,73.41084591084591,21.35056967572305,0.9811481481481485,59.22692172692166,23.323225241016665
MG,level2,24.840855106888394,54.20996441281143,15.82931795045808,0.6007210722768916,65.48517200474495,19.49440108585003
MG,level3,25.445968551354966,63.94588235294121,13.9156146179402,0.5440897009966781,74.27308970099668,22.623255813953488
MG,prelock,69.35448798988624,90.79570164348935,26.78659924146649,1.49417193426043,38.75777496839443,45.47433628318586
NCP,level1,64.76439842209079,86.89351158395738,14.719835719835705,1.0076994289065422,59.42982530290217,21.938594906989337
NCP,level2,41.243711512368215,80.21790911790919,11.845670329670327,0.721476758535583,62.67195171849425,28.81589317313271
NCP,level3,39.786350491613625,83.46733611216371,12.352027283061764,0.6991860553239857,72.08279914529916,32.59536193344025
NCP,prelock,98.94087630833508,127.68721762976709,20.495142538620815,1.4744729417799436,33.44235728170744,46.9065835065835
NEC,level1,51.0892059553349,66.21930514721092,17.51776028710085,0.857876344086022,61.28905354511209,20.109137055837564
NEC,level2,31.29854689564069,50.80432937181666,12.083614612262338,0.6235104113329912,69.79945588806844,17.932660220758123
NEC,level3,61.55334987593055,90.04471414883425,12.839500316255535,0.7366546026750586,77.19892473118284,25.712681846932323
NEC,prelock,76.30132355468974,96.46759869363441,22.747898682417098,1.1855002041649656,41.46745494202736,39.51220344768732
NW,level1,61.912517006802716,118.47325800376638,16.392236842105245,1.188292638317329,64.9124565972222,24.395594125500665
NW,level2,49.31440329218104,146.50563463819705,11.840816326530607,0.7137032898820611,67.91703327693176,21.79138321995466
NW,level3,55.34781491002566,179.57326565143822,10.231833333333329,0.575336675020885,74.97428833792473,23.481379883624275
NW,prelock,86.82933070866136,120.60441845354121,17.38429807052562,1.4946908115358823,41.82869623655911,43.59691601049869
SC,level1,27.207714576743673,36.60353578074778,6.601315578373161,0.6779894646772557,57.271872663177064,12.847505608375183
SC,level2,27.543215075271114,42.92299279807947,7.640923190158256,0.7263156102671559,54.911707700366634,20.469853326348893
SC,level3,31.023571937684537,49.17391304347822,9.041395774075577,0.7429380764163372,63.04109730848865,24.47152123239079
SC,prelock,32.78825929995289,50.45531184138629,8.592401096748917,0.8540934821919958,51.16455150802979,25.263728946337622
TP,level1,17.302689373506965,34.170117917745195,10.915344295253828,0.6892272288619999,69.2301467955604,12.011829003518748
TP,level2,15.3921834288692,36.211329851345965,9.704446133383996,0.5795465894337353,76.55526315789474,12.890588994377362
TP,level3,18.012298788207634,45.566842105263134,9.151913875598087,0.5408771929824563,77.08368421052634,15.077409432672589
TP,prelock,22.71531612757806,37.434397352407416,12.05127938423134,0.8168848083698088,61.41079048973782,20.436550266680076
YR,level1,43.260483525887885,53.92317676143388,7.14617117117117,0.7945980634528207,61.80974610974603,16.85960093896714
YR,level2,34.31318758815232,58.02275094696973,7.961001410437227,0.7610174199623353,64.44923918212082,26.80186023127198
YR,level3,37.34387755102042,68.34897959183674,9.33402417962004,0.6929226190476191,75.92857142857146,34.739092495637
YR,prelock,65.921756672874,81.3496219281664,7.723096129837706,1.0123545568039947,38.147036262203635,35.9601030927835
